42.27840449125688
34.64837665871723
27.973106181352005
37.25905897750272
29.937663263079223
48.66325067803005
41.60225534100297
52.21654564701562
48.023744704955064
24.89600443070299
46.269784036506486
39.84092352411924
44.26954378647412
49.18342437633821
41.79523360258684
31.572917264898063
23.87330810921593
32.252336484214794
41.031603138365284
29.370654729514456
44.11725240207636
44.53608665800686
39.37561664271395
45.24784566696047
47.988912198004584
28.60223233647515
35.00491290079441
49.5325320233396
39.10598037268057
50.796157740077355
46.87834188300788
54.92368279270596
13.519025046253578
37.43933138084598
13.756293949220066
51.72901704138548
42.62635370195294
32.27573947716971
35.15789179479959
39.925911142636316
43.76743183151505
28.486342236928966
37.97061898154673
42.71804870956803
16.45492790739775
39.62346369317669
26.739728526671176
45.03434167845596
35.00491290079441
41.370393906028795
40.654526106479544
34.556049876849244
40.99798234867872
45.503161702134484
46.22363573386431
38.42054647206746
49.751775358500986
23.081297968728652
32.80913929866713
14.943547070335423
50.52738513676826
46.69057971935269
44.99525542441781
53.484190730052646
